 Individual 319 from generation 805
 length = 120
 chosen = 0
 can_mate = 1
 fitness = -553.027250
 raw_fitness = 0.000000
 calc_num_offspring = 1.500000
 parent1_index = 239
 parent2_index = 425
 -24 -12 -21 15 -4 -30 25 4 -10 -9 -29 -5 6 26 16 -2 26 -19 -6 -8 -24 -30 5 9 4 3 -29 -7 5 -6 -16 4 27 -12 -10 -7 -9 3 13 -8 -2 -28 15 7 -28 -6 29 6 -17 -7 24 -30 6 -11 -17 5 -8 -16 27 26 -5 -5 3 30 27 -20 -8 -18 -8 27 25 -24 -7 27 27 13 -24 -25 -5 -12 26 -2 -2 -2 -27 27 -2 -6 -28 7 17 25 12 -17 -7 26 -30 5 -2 28 -8 -5 -30 -11 -15 14 7 -26 5 -10 2 26 16 3 -20 -6 -12 14 27 6 
