 Individual 498 from generation 1000
 length = 120
 chosen = 0
 can_mate = 1
 fitness = -556.477825
 raw_fitness = 0.000000
 calc_num_offspring = 1.431636
 parent1_index = 73
 parent2_index = 431
 -24 -12 -21 15 -4 -18 25 4 14 27 -29 -5 6 26 16 -23 26 -1 -6 14 -24 -2 5 27 4 -17 -29 -7 5 -21 -16 4 27 -12 16 -7 14 27 27 14 -9 -12 15 7 -28 -6 29 6 -17 -7 24 6 -23 25 -2 5 -24 -16 27 26 -5 -5 3 -23 -12 -20 -8 -7 -21 27 25 -24 -9 27 5 30 -24 -25 -2 -20 -5 -2 -2 -2 -27 -6 -2 -6 -28 7 17 25 12 -17 -7 26 -30 5 -2 28 -5 -18 -30 13 -15 14 7 -26 -22 30 2 26 16 3 -10 -6 -12 -11 -2 6 
