 Individual 394 from generation 449
 length = 120
 chosen = 0
 can_mate = 1
 fitness = -507.858332
 raw_fitness = 0.000000
 calc_num_offspring = 1.500000
 parent1_index = 408
 parent2_index = -1
 28 7 24 29 7 -7 -3 1 17 7 -14 -28 -3 -17 -25 4 6 20 -21 16 5 19 20 -29 28 -19 -3 -20 26 6 -12 -10 -26 -21 -6 -8 -22 28 25 -3 -3 -25 16 -2 5 -13 5 -29 -20 -28 16 24 -26 -7 16 -5 -10 12 -2 2 16 -20 -1 -18 -29 -1 -14 20 3 -3 19 -14 -13 14 -14 6 7 5 8 12 16 19 -20 -19 -20 -13 15 -2 -2 20 -25 -26 7 29 -2 -13 30 9 5 6 -19 5 4 -19 -9 17 21 16 13 -16 29 5 -13 2 16 -13 -26 -20 -22 10 
