 Individual 487 from generation 1000
 length = 120
 chosen = 0
 can_mate = 1
 fitness = -512.437895
 raw_fitness = 0.000000
 calc_num_offspring = 1.483542
 parent1_index = 338
 parent2_index = 356
 28 -11 16 29 -22 -7 -3 1 -11 7 -14 -28 -3 -10 -25 16 6 20 -21 12 20 19 -18 -29 28 -19 -3 -20 26 6 -10 15 -26 -21 -6 -8 24 28 25 -3 -3 -25 16 -2 5 -13 5 7 -20 -28 16 -28 -26 -7 16 -5 4 15 -2 2 16 -20 -1 24 -29 -1 -14 20 3 -3 19 -3 -13 14 -14 6 -14 15 8 -30 16 19 -20 -19 -20 -13 16 -2 -2 20 -25 -26 7 -3 -2 -13 -20 9 5 6 -19 5 4 -19 -9 -3 21 -30 13 -16 29 5 -13 2 16 10 -26 -20 12 17 
