 Individual 419 from generation 1000
 length = 520
 chosen = 0
 can_mate = 1
 fitness = -13191.241746
 raw_fitness = 0.000000
 calc_num_offspring = 1.500000
 parent1_index = 82
 parent2_index = -1
 5 -10 44 45 8 -15 19 -34 -9 2 -11 -10 22 42 36 44 44 34 8 -8 29 -47 -47 40 -50 -36 -36 -51 4 -13 36 -45 -14 44 -10 2 42 17 48 -46 -26 -13 31 -34 -32 -15 2 -16 -4 -39 36 -38 -15 -52 33 -24 -31 8 24 6 -37 -11 22 -45 -44 -13 1 -34 4 38 -17 -48 -40 43 29 21 -33 38 -7 -4 -14 -12 -5 -38 16 -29 -24 19 2 31 -34 28 -35 -50 -35 -40 34 -12 34 39 7 30 21 17 29 -36 20 23 -42 -13 -46 47 2 47 37 19 23 -8 9 -21 -47 21 34 37 15 37 22 29 9 -43 16 -15 21 34 -39 37 -21 -37 -11 -12 24 18 48 41 -39 -39 16 34 -35 2 1 4 -32 -52 -25 30 -32 4 40 -18 7 -23 -39 -9 29 41 12 -38 -24 35 40 40 -51 -37 14 20 7 -50 -21 40 20 7 40 -10 -42 45 -4 -7 37 -33 -11 -44 -40 -47 -45 29 -43 22 34 -36 48 7 9 17 -34 22 -14 40 35 2 48 2 8 29 16 8 39 -24 -52 47 13 17 -47 16 -10 41 -18 29 2 5 -43 28 -11 8 -43 48 9 50 15 -51 -16 33 45 -50 15 -15 9 -23 -36 -11 -13 37 -24 18 22 33 -9 44 -25 -8 22 32 -36 -48 33 31 -47 -50 -5 -10 -10 -2 -8 11 -29 -47 28 -45 41 41 28 -47 -43 -35 -25 44 -33 -50 18 8 14 40 10 11 29 6 31 43 39 20 -33 -18 -11 3 -20 40 35 3 -35 -43 35 31 -39 20 14 -15 38 -9 -5 -4 8 21 41 -11 16 -44 -39 44 -23 -26 10 -42 -35 -34 -8 -37 -13 9 41 29 -26 41 7 44 -12 41 -44 -10 35 52 44 -33 2 -2 18 36 29 17 45 -11 -48 -33 17 -33 -12 -45 47 -51 24 -41 -42 -5 -24 32 -47 19 -13 22 45 9 22 2 -26 7 -48 15 9 -31 7 -42 -14 -12 -3 -25 1 15 40 38 -26 2 -13 -24 33 42 -42 28 -50 15 8 -51 -51 -15 -36 -15 -51 8 49 -3 -26 43 7 30 41 30 18 18 -31 -51 14 -3 -11 31 6 -47 -4 -12 -51 49 -37 -33 4 -7 1 -25 -2 21 -10 -50 2 35 30 38 -12 -38 -39 3 -36 -52 19 7 -48 -45 11 -39 51 -11 16 -13 7 9 -33 -45 17 -43 1 -47 35 -36 8 43 -35 40 8 43 -45 36 -24 -13 8 6 50 -25 -22 15 -42 -31 6 38 30 -45 -7 9 5 -14 -2 45 2 17 -3 1 41 23 48 -32 40 7 31 -21 14 -50 
