 Individual 163 from generation 558
 length = 520
 chosen = 0
 can_mate = 1
 fitness = -11734.789220
 raw_fitness = 0.000000
 calc_num_offspring = 1.500000
 parent1_index = 479
 parent2_index = 462
 38 -10 9 4 8 39 8 -34 35 2 20 -39 -7 -15 4 44 22 -34 -38 38 32 7 -15 -48 -47 22 -13 34 42 -39 -35 -45 -9 -34 33 -29 -47 -27 -43 -51 -47 -13 32 -50 1 28 4 43 -33 -41 -24 -10 -37 -3 24 -38 -11 -32 -24 -36 -32 -11 41 -43 28 1 -12 31 16 -50 -25 11 -23 33 -40 9 -10 -39 -33 -13 9 -26 -7 -30 -35 -25 -30 -51 -36 -50 40 2 20 -27 -12 -13 -7 31 7 -27 -15 -14 -26 -13 -42 22 18 6 -38 -13 9 -36 -27 -39 -18 -23 17 9 -37 28 8 -52 23 14 -12 -14 39 29 49 -9 -52 -34 6 -12 52 -4 52 -33 -7 -32 -8 30 33 41 9 -35 -10 -20 15 -11 -50 36 -18 33 17 35 -33 -15 6 15 -9 -36 29 -36 -32 -26 31 -18 -11 -39 -27 -38 7 39 1 -39 -31 2 40 -31 -36 -42 -15 -13 -7 -8 -42 -40 5 44 -11 -33 -4 29 18 -44 -46 -26 41 -37 48 28 9 9 8 43 -3 -5 -25 42 -31 -12 -34 -38 -10 -2 30 2 33 -24 18 -4 36 7 -2 -26 29 -14 2 1 -45 -51 22 -12 23 7 -31 -26 45 -33 30 14 11 43 41 -24 -10 -18 39 -11 -43 -26 -12 7 18 -46 -32 -35 -14 -21 -23 -37 -25 36 37 -48 -47 30 -33 20 29 -18 1 19 -47 4 15 -9 10 42 8 -52 49 43 6 41 15 44 33 8 -38 -13 33 47 -5 39 -42 -36 40 -26 -37 49 -21 52 45 -17 50 -52 -23 44 -46 -23 6 36 6 -42 -45 -39 -31 -44 52 -31 24 -10 48 -27 -8 -25 -39 44 -21 7 20 31 -12 -50 40 -4 -4 -14 -16 -50 9 40 -39 40 -33 17 -14 -11 -42 -47 -48 -10 18 35 2 -35 18 39 41 19 -38 -5 21 -47 31 -50 48 21 -43 52 -15 36 14 -37 38 37 30 4 -47 -39 -21 19 28 21 -23 -11 -42 -3 36 -11 -12 -42 2 8 -12 6 -47 -18 16 1 -40 -25 -23 16 37 2 16 19 -47 -46 -6 29 -24 35 30 -51 6 41 34 31 -38 5 20 -23 -51 -32 7 1 -11 -25 6 2 42 -32 -10 30 -37 -42 -11 37 -26 -35 9 -15 -24 -51 34 -10 -20 35 32 -34 -39 -2 7 22 41 -47 18 34 11 -35 6 18 -40 38 17 31 6 -5 -13 -45 -23 47 -46 48 8 -13 -25 -10 20 -12 -24 21 -48 20 41 9 -44 45 41 -36 29 -34 -5 -43 -11 47 -25 36 17 -14 5 -23 -22 -5 -51 37 -5 39 -11 47 -26 23 8 20 -8 23 
