 Individual 318 from generation 408
 length = 120
 chosen = 0
 can_mate = 1
 fitness = -484.222748
 raw_fitness = 0.000000
 calc_num_offspring = 1.500000
 parent1_index = 17
 parent2_index = 94
 -29 3 9 -22 24 -23 2 -9 27 14 -3 7 -9 29 16 -11 -10 17 22 -11 4 -2 8 -20 -21 9 -28 24 28 2 -13 -14 14 6 14 30 13 3 -21 -19 16 -2 -8 29 -27 14 -8 -9 -26 -10 -20 22 13 14 -1 -28 14 13 14 -8 16 12 6 -25 6 23 17 25 -8 -10 5 -29 -25 -8 10 -10 15 14 13 12 -12 -19 25 13 2 -29 -12 23 8 23 26 27 -10 -9 -21 -9 14 29 23 2 4 -29 3 -19 2 -2 -28 -8 25 -10 -29 14 -23 16 16 -12 28 -10 -15 12 
