 Individual 495 from generation 1000
 length = 120
 chosen = 0
 can_mate = 1
 fitness = -484.222748
 raw_fitness = 0.000000
 calc_num_offspring = 1.498027
 parent1_index = 430
 parent2_index = 95
 -29 3 9 -22 14 -23 2 -9 27 -8 -3 13 -9 29 -2 24 -10 14 22 -21 -8 -19 8 14 5 9 -28 -20 28 2 -13 -14 6 -30 24 13 13 3 4 -10 -12 -2 5 -18 -27 -25 -1 -9 -26 -10 25 22 13 6 -12 -28 14 -8 6 16 16 12 7 17 -20 23 17 25 -8 -10 -8 -29 -25 -8 10 -10 15 -20 13 12 17 30 4 6 2 17 -12 23 8 23 26 27 -10 -1 -9 -9 14 29 23 2 5 -29 3 30 2 -2 -28 -8 25 14 -29 -21 -23 -19 -19 -12 28 -10 -15 12 
