 Individual 275 from generation 470
 length = 300
 chosen = 0
 can_mate = 1
 fitness = -513.271782
 raw_fitness = 0.000000
 calc_num_offspring = 1.500000
 parent1_index = 306
 parent2_index = 67
 18 24 26 8 12 -17 21 -16 -30 11 12 -4 -26 -22 30 -30 21 -26 -7 19 -13 -2 -22 -5 20 22 23 -27 -6 -16 18 24 -22 18 -7 -2 -27 -15 -14 10 -13 -7 11 -22 -16 -13 -7 27 -5 10 7 -14 -27 23 -26 -6 29 -6 -2 -16 -9 -26 22 -2 -27 -26 -14 -16 11 -7 -12 -5 -25 -27 -7 -24 -25 -15 24 13 -6 14 2 -23 9 18 -3 -30 1 -25 -23 -16 -28 -2 -29 8 29 6 2 -24 28 9 -16 -9 -6 -23 -20 -4 -22 22 18 -15 -24 -9 -14 19 -13 -23 9 12 8 29 24 -12 30 -13 18 -21 9 -16 -25 -22 -12 18 11 12 1 25 -13 -10 -12 23 20 28 10 28 -9 -19 -14 -12 28 18 -16 19 5 24 -28 -6 -6 18 3 -7 -25 -26 -23 1 22 29 -18 -22 30 -14 1 -3 11 -6 21 9 -17 -27 -15 18 -22 25 9 -14 8 -15 -17 -23 12 21 21 20 14 -19 27 9 26 -30 28 -16 -13 1 -3 -4 -25 -29 28 23 24 24 -27 -4 -2 -7 8 -7 29 28 -24 10 -7 -25 -13 25 -4 -7 20 -2 19 -17 2 -7 10 -16 -25 -22 -23 -15 -8 -16 20 -20 1 -27 25 -28 9 -5 9 10 -14 -22 12 -16 -11 -30 -24 -14 9 -25 19 -28 8 -6 -5 -27 -13 11 -12 26 19 -5 1 -16 -6 -14 -29 11 -15 -23 25 27 -9 23 16 13 19 22 -16 -23 8 -26 -28 1 2 -19 28 -16 
