 Individual 45 from generation 1000
 length = 300
 chosen = 0
 can_mate = 1
 fitness = -531.859046
 raw_fitness = 0.000000
 calc_num_offspring = 1.500000
 parent1_index = 305
 parent2_index = -1
 -5 -26 29 9 22 22 29 29 -5 -6 -25 -15 8 20 -22 2 2 -19 -13 11 -4 11 8 -17 20 -29 3 25 -2 5 -13 -30 -26 -3 21 -2 29 -12 -13 -12 -20 -16 -8 10 -12 -13 -7 -7 -15 6 7 22 -9 28 27 -16 2 13 -27 -23 -22 -2 -17 -14 -6 21 -24 -16 -23 27 -7 -14 24 11 2 5 -23 23 20 -12 -5 -22 -13 26 -13 23 22 19 -28 11 21 16 18 -29 -23 -20 28 -13 -6 30 -9 -26 13 -28 -3 -27 23 -5 -11 -17 2 18 -23 23 -15 -4 -25 2 -30 -22 -13 -25 -20 -12 11 -22 -17 8 -5 -6 11 21 21 28 -5 8 -28 9 12 24 -23 21 -2 19 -16 2 -3 -16 20 9 -12 -16 -5 21 -2 20 12 19 28 -2 -27 -25 -7 18 -7 10 18 -7 3 14 29 18 -17 8 -7 12 28 -10 29 -2 23 -16 -3 -22 10 -24 19 -17 -30 20 30 -16 8 10 2 -15 -27 -12 -26 8 12 -2 26 21 -27 26 -7 -6 12 -26 21 21 -16 -16 29 -3 -19 18 -5 9 20 22 -14 -3 11 -27 -7 9 -30 -5 -21 -29 -23 -25 -30 12 19 -27 28 -26 -7 12 27 -2 -27 11 -23 -16 30 8 -22 -9 23 -2 9 9 29 -29 24 10 23 -26 12 -28 -30 -5 3 19 -15 25 -23 -6 -14 27 -23 16 -15 -8 -25 10 25 -24 -27 10 -27 -7 -15 -12 2 16 -3 14 -4 12 26 24 30 18 13 -12 
