 Individual 397 from generation 9
 length = 300
 chosen = 0
 can_mate = 1
 fitness = -932.642009
 raw_fitness = 0.000000
 calc_num_offspring = 1.500000
 parent1_index = 206
 parent2_index = -1
 3 25 18 17 -10 11 -1 14 -29 -21 -12 21 27 7 -4 -17 -20 -27 14 28 -15 15 20 24 20 27 23 -12 -12 6 -5 13 -5 7 14 8 27 10 22 3 -12 14 -17 -17 30 4 -5 16 -11 -28 23 14 -15 -25 10 15 15 -18 -1 -1 9 2 -20 -2 26 23 16 -2 -9 -11 -13 25 21 -9 9 4 -1 -21 25 -23 13 -28 -2 -21 17 -18 30 -8 -2 23 -10 28 -6 -27 3 -8 -16 22 18 -16 20 -18 12 17 10 23 15 23 6 27 25 22 -26 4 21 2 -25 30 -14 -25 -17 -23 -7 -6 25 25 24 -11 14 -22 13 -24 -18 -30 -21 -28 -7 -7 27 30 -23 -11 3 29 26 -29 -11 -5 26 -13 -14 -21 23 16 -18 29 20 -26 8 -29 -26 -20 -12 -12 -10 -1 22 -10 -24 -19 27 -16 29 1 20 26 -28 -29 -18 -27 5 17 -11 30 25 -21 -14 22 22 19 5 2 25 -1 2 -6 2 -4 6 23 -24 16 -15 12 26 -19 -14 -15 -8 -9 1 19 -20 -1 -26 26 6 6 -24 14 -15 -4 15 -4 7 15 19 14 26 -11 25 27 23 -12 12 -20 -6 27 -17 -5 -8 -26 26 28 22 -29 17 -21 22 -14 19 22 3 17 24 16 -10 13 15 5 -29 30 -11 19 5 -3 -21 -17 29 13 -27 -22 -9 28 -17 12 -25 5 -25 -4 -5 26 -25 2 7 18 29 -11 25 16 2 5 -11 -21 -3 22 -20 17 30 -27 
