 Individual 416 from generation 501
 length = 300
 chosen = 0
 can_mate = 1
 fitness = -436.355274
 raw_fitness = 0.000000
 calc_num_offspring = 1.500000
 parent1_index = 478
 parent2_index = 440
 11 11 24 1 -4 10 -28 -29 21 -9 18 -28 8 -3 -17 28 -12 19 16 -25 9 -21 12 20 17 -3 12 19 20 -3 29 -22 6 5 -30 -30 19 12 -7 6 -17 -2 3 10 10 -17 -17 -13 7 -14 11 -20 10 -5 21 -29 14 -25 11 -6 17 -3 -15 -2 9 -20 -15 8 -2 -11 -13 18 -8 17 24 29 17 19 20 11 -15 19 -2 28 21 -6 -9 -7 -13 -16 18 18 -16 -5 10 11 10 -19 -24 -15 -16 -28 10 6 -23 -7 30 -15 -20 9 6 17 -15 9 9 -27 -23 -24 -5 -6 20 -20 -24 24 20 11 17 15 29 -13 20 -19 9 -12 29 -6 -13 -29 -12 -5 21 -3 19 24 11 19 18 -12 -9 9 -22 -8 -17 21 9 -6 28 9 -12 28 -7 -30 -9 -5 -22 -3 -28 -5 -3 -4 1 21 -3 -14 -24 5 -5 -26 -26 28 -5 -11 -12 -7 -14 -7 18 11 16 -24 -3 -16 -7 9 -6 -9 -29 -22 -15 -28 7 24 -7 -28 18 -12 -9 17 -6 -15 18 15 4 -16 29 -23 8 -7 4 17 10 -3 -24 -30 -15 -24 -7 -28 -23 -14 -7 -13 -24 13 7 -16 8 -16 -8 -4 -13 -5 -17 -21 -5 -4 -19 -6 -6 -29 -7 28 -6 1 -28 -9 -9 28 11 1 20 7 -6 30 -19 -16 19 30 -13 -29 -14 -17 -21 -27 21 -5 -18 -27 12 5 -3 -16 -7 -23 5 28 24 -17 -12 -13 -22 -10 19 29 20 -14 -6 18 1 -10 
