 Individual 83 from generation 1000
 length = 300
 chosen = 0
 can_mate = 1
 fitness = -477.437475
 raw_fitness = 0.000000
 calc_num_offspring = 1.500000
 parent1_index = 113
 parent2_index = -1
 -3 -24 -30 9 -11 -14 -12 -5 9 -14 -13 28 16 -16 20 -25 19 10 14 -16 -24 4 18 -14 28 -16 -22 -26 21 -6 18 -13 9 11 -9 5 -5 4 17 17 11 -13 3 -29 -7 8 -27 -7 30 9 -5 4 1 12 -2 -29 -30 -16 8 7 -3 12 18 16 -12 -6 -26 8 -3 -5 29 19 -16 24 -24 -26 -3 18 20 10 -19 -7 9 -8 21 -5 -22 -16 -4 15 -11 -20 -7 11 29 -4 18 -19 -24 19 -2 -17 -4 -12 8 12 17 -27 16 -3 -12 -3 18 -12 9 -23 -6 24 20 -5 12 -17 11 8 -14 10 8 -4 8 -10 -3 -6 -12 -21 -28 -9 -6 -17 19 -5 -6 -3 18 4 8 -29 16 28 -4 4 -13 10 24 -8 -6 17 21 12 1 -16 -4 20 8 9 -15 6 -13 10 -3 -21 -24 19 6 -18 12 -20 -30 -2 -28 -27 18 -17 15 -12 -24 24 -30 29 -11 28 -3 4 6 -30 29 -13 28 17 21 29 18 -5 -7 -3 20 -14 -13 11 10 17 16 12 -13 4 30 -28 12 -26 10 18 1 29 12 -4 -17 11 -30 -12 30 -2 17 -25 -6 13 -14 12 21 19 -16 -5 -28 11 24 -24 -4 20 -16 19 -6 9 -7 -3 -3 -3 19 -9 -15 -26 4 30 -12 -5 7 11 -12 -26 11 10 -10 28 -2 10 -29 -4 -8 -17 24 -5 12 -17 18 -16 -2 24 -14 5 -16 18 -10 -9 -23 -6 11 -29 10 18 9 -26 -2 20 
