 Individual 0 from generation 10
 length = 300
 chosen = 0
 can_mate = 1
 fitness = -949.066296
 raw_fitness = 0.000000
 calc_num_offspring = 1.500000
 parent1_index = 297
 parent2_index = -1
 -14 20 -18 -23 11 -30 7 11 3 13 13 8 -10 26 -23 24 20 -11 13 -16 -26 -13 16 -8 -19 7 14 -19 -10 15 10 19 7 19 10 -12 19 -16 -5 17 -2 -24 -20 7 14 12 -18 21 13 -1 20 -1 -16 29 -25 -19 -10 -11 -27 -30 -19 5 27 14 13 7 23 11 -30 25 13 14 -15 -10 -27 -17 27 6 5 24 15 20 17 22 13 7 4 17 -17 -28 11 -20 -30 12 19 -15 21 11 -24 5 26 4 -1 16 -15 6 5 7 -18 -23 -3 19 14 -26 17 -14 -18 22 -10 -29 -18 5 -11 -27 -1 -8 15 -20 22 -10 -1 -9 10 -4 6 10 6 -11 11 -9 23 -10 -19 30 -1 -25 23 -24 -30 -11 -11 15 -23 17 -5 29 17 -13 -18 11 -20 -19 -14 14 11 -25 30 -2 22 -14 -17 -11 -25 6 11 -21 -19 -24 26 21 6 2 30 -27 22 -20 7 -29 7 -27 10 1 -2 24 -21 -18 -29 -28 -27 26 -3 13 17 3 -24 -19 2 -2 26 30 -29 7 -11 -20 29 1 19 9 -7 25 -23 -20 -29 -4 -24 -6 -21 29 -13 5 -22 4 28 -2 3 -1 -14 -12 -2 29 15 -30 2 -28 16 12 -6 -7 -9 30 14 5 26 -24 -12 -30 -30 5 -1 14 -10 26 24 -12 -30 29 -26 18 12 -13 -25 -29 -17 -9 30 -12 -14 -10 2 -7 -27 -8 -29 -8 27 -14 -30 3 -30 15 -15 28 5 22 -19 -6 16 -19 -15 24 
