 Individual 22 from generation 1000
 length = 300
 chosen = 0
 can_mate = 1
 fitness = -531.371175
 raw_fitness = 0.000000
 calc_num_offspring = 1.500000
 parent1_index = 284
 parent2_index = -1
 28 -6 26 22 19 -27 28 -7 -28 13 20 30 19 -24 9 -21 23 -7 21 11 16 25 -24 30 -22 3 -1 -30 -13 7 9 -29 3 23 2 -13 9 -1 -15 -17 -27 -2 23 -16 25 26 15 -15 -12 27 3 19 2 13 -16 20 27 -6 9 -25 14 27 19 -26 -4 -23 -24 1 -3 -2 -4 -27 9 21 4 -25 15 -21 -15 28 25 8 -27 21 -4 -14 -15 28 30 -7 -1 -16 28 -15 25 20 1 9 -6 -16 30 4 -7 -26 -3 1 2 -2 9 22 25 -7 -7 3 8 -14 -26 23 9 -17 -22 1 20 -4 -7 23 -27 1 4 3 -4 11 -5 18 -5 -23 -26 -16 1 -19 26 9 1 18 -7 2 -5 -3 -1 -5 -14 21 -27 6 -3 25 -24 -22 14 8 -24 3 22 -7 1 -4 -2 23 27 25 -23 -23 -3 10 -29 9 21 -4 5 26 10 19 28 21 -25 11 27 2 22 -3 25 11 10 9 -9 26 20 20 -25 -6 9 -13 -19 22 4 -21 28 -30 -20 2 -26 30 9 13 15 -4 -16 -15 22 9 27 -16 -5 21 10 -17 -5 -5 -12 -16 -13 28 5 -6 -7 25 13 1 -6 -25 -1 -5 -7 22 -14 18 -4 -25 -13 23 -7 9 -22 25 16 -15 -14 -16 -12 14 -26 22 -14 1 -4 27 -14 -17 22 1 -7 -15 -26 26 -30 -27 28 -29 18 20 25 -24 27 18 -15 -22 -14 -12 9 26 -21 22 -13 -12 26 -5 21 21 -27 -4 
