 Individual 297 from generation 845
 length = 300
 chosen = 0
 can_mate = 1
 fitness = -527.124960
 raw_fitness = 0.000000
 calc_num_offspring = 1.500000
 parent1_index = 464
 parent2_index = 458
 -30 11 -3 30 -27 22 21 18 26 12 11 9 15 11 21 2 -29 -25 4 -4 -13 -16 12 -27 25 -16 21 -15 -14 22 -6 13 -14 10 -25 21 9 -4 30 -16 23 -6 10 -17 28 15 11 9 -1 -4 18 2 -23 24 1 30 -3 18 -25 15 28 12 -22 28 -25 19 -24 -13 4 -7 2 -27 -28 29 -24 -26 2 25 28 -9 -25 9 -3 -28 -7 4 -2 29 -19 -7 23 28 1 26 -12 -14 -3 21 3 19 -7 25 -20 -17 -16 -27 24 -27 22 -2 -23 28 8 -28 -29 16 29 9 10 -26 8 -22 8 -14 10 -6 28 11 6 -15 -13 20 -12 2 17 29 9 -5 27 21 8 21 -13 -6 1 -15 -13 25 25 -15 -21 10 -26 29 26 -2 20 28 25 -17 -15 -26 27 -27 -1 29 -5 -29 -16 -4 10 20 23 -15 -12 -7 -3 7 26 29 -3 27 -27 -12 -22 -25 2 -26 -28 -7 10 -24 -12 -14 -14 -14 -13 28 -25 8 27 -24 -20 10 -2 -16 -3 -24 7 -5 -23 4 -2 16 1 -17 -1 2 1 8 19 -8 22 2 -19 -12 -25 -13 17 11 16 -17 8 -14 -6 -13 11 2 27 -16 11 -27 4 9 29 23 22 15 -19 19 1 27 9 -7 -22 -6 9 21 -13 -16 19 -7 5 1 -22 -3 -23 -4 8 19 20 17 -23 -24 9 -17 -5 -22 -3 29 -2 27 -14 28 -9 -4 24 22 -24 29 -1 -17 28 -4 -29 10 23 11 -30 12 
