 Individual 222 from generation 1000
 length = 300
 chosen = 0
 can_mate = 1
 fitness = -559.675838
 raw_fitness = 0.000000
 calc_num_offspring = 1.500000
 parent1_index = 268
 parent2_index = -1
 -30 -13 11 -22 -27 29 29 18 26 28 29 -16 -25 11 -12 2 -29 21 2 2 7 -16 23 -7 25 20 8 22 -14 22 22 15 21 28 -16 9 9 -19 30 -15 23 20 -7 -17 -26 1 8 -3 -27 -19 18 -3 -6 -23 1 25 -2 -15 -14 -22 28 12 -27 28 -12 19 -24 -14 8 -15 26 -23 -26 29 -24 5 2 25 28 30 -25 9 -3 -28 -2 4 -2 29 -23 -7 -24 28 28 -15 -12 -14 -30 21 -24 19 -14 -6 27 -17 -3 -27 24 -13 22 -2 -23 -3 15 -28 -29 8 26 9 5 -26 20 16 8 21 -7 -9 -15 -16 6 -15 -13 3 10 2 17 17 9 -5 11 10 -16 -24 -13 27 1 18 -13 25 -15 -5 23 -3 -26 2 -30 -24 20 -25 9 -7 -3 4 -26 -27 30 29 -5 1 26 16 -1 20 23 19 -4 -7 -16 -15 23 29 15 27 26 23 -3 29 -9 -26 9 -6 -15 29 24 -14 -13 28 17 18 -25 -5 -6 -24 -20 10 28 29 10 -24 7 -22 20 4 -8 -6 15 17 -6 27 1 21 8 -15 22 -25 22 -12 -27 -21 16 11 21 -17 8 -30 -7 9 9 13 22 -16 11 -5 21 9 10 23 8 -17 24 19 8 -12 -1 -7 25 -6 1 -13 27 23 19 21 5 1 2 -28 10 -4 8 19 20 17 -23 6 15 -17 12 -22 -3 29 -23 27 -17 8 -5 -6 24 9 -24 -3 -1 -17 7 -4 -29 -5 -14 11 12 26 
