 Individual 494 from generation 1000
 length = 120
 chosen = 0
 can_mate = 1
 fitness = -435.566039
 raw_fitness = 0.000000
 calc_num_offspring = 1.462230
 parent1_index = 465
 parent2_index = 286
 11 -3 -25 -13 11 -15 -29 -6 -29 -23 29 -26 29 -30 9 5 -1 -3 18 16 -5 -3 11 9 20 24 9 19 16 15 -22 -24 20 21 -14 -3 -14 -7 21 -4 -23 -26 6 9 -28 -4 20 9 -1 10 -15 -6 15 29 19 -3 28 -16 -5 5 29 11 -15 9 19 -13 12 -9 -26 -12 29 17 -13 28 6 9 9 29 -15 7 -5 -14 -3 -12 24 9 13 -13 7 -2 4 -14 -22 -26 -26 14 11 8 12 -13 -7 -30 15 10 29 -17 11 5 -4 -3 -13 -27 -25 -16 3 12 -14 -27 -15 -9 
