 Individual 102 from generation 292
 length = 120
 chosen = 0
 can_mate = 1
 fitness = -435.566039
 raw_fitness = 0.000000
 calc_num_offspring = 1.500000
 parent1_index = 459
 parent2_index = 439
 -1 -3 29 18 8 -15 -29 -6 -29 -25 29 -25 29 -3 9 5 -3 -27 -25 16 -5 -1 11 -30 11 24 10 10 16 15 10 -24 -14 -30 -14 -3 -14 -7 29 -4 20 -25 6 9 -28 -4 20 19 -3 9 -15 -6 15 29 9 -3 28 -16 -5 -6 20 -25 20 -30 19 -13 12 -9 9 -12 -3 17 -13 28 6 -25 9 29 -15 7 -5 30 -15 -12 24 30 13 -13 7 -3 4 -27 12 -30 -3 14 10 -2 12 -2 -7 21 15 21 18 -17 19 5 18 29 -13 -27 -2 -16 3 12 8 21 -15 9 
