 Individual 158 from generation 8
 length = 300
 chosen = 0
 can_mate = 1
 fitness = -854.266390
 raw_fitness = 0.000000
 calc_num_offspring = 1.500000
 parent1_index = 83
 parent2_index = 17
 -29 27 27 24 29 8 22 -28 -13 22 20 22 10 -6 -19 25 -5 9 16 2 13 5 19 -27 26 23 23 3 10 -17 21 -5 14 -4 -21 -20 21 -20 -24 19 13 -16 -17 21 9 18 -2 7 -17 -4 18 14 11 12 11 -23 9 1 4 -20 -29 -6 -29 13 3 13 9 20 -7 25 20 -17 21 -26 21 -30 -27 12 29 -1 -7 29 -12 30 -14 10 24 -26 -28 -30 5 -6 -30 -21 9 -23 -4 -5 21 -7 18 11 19 -22 -27 23 27 27 7 -30 -5 -5 -9 2 26 30 29 28 -22 14 -6 28 -22 -26 16 28 18 26 -16 -12 1 1 25 6 -22 -4 28 17 -10 -17 3 10 -15 17 -4 15 27 4 19 11 21 -13 19 20 -5 -19 -24 -25 -5 -25 30 -16 -12 -30 23 -25 -9 11 -30 30 -8 22 27 4 -14 -7 4 12 -14 6 17 21 27 -12 -21 12 4 -14 -4 -3 -7 28 3 10 -28 -23 -15 -2 28 -2 -24 4 16 18 -21 8 6 -6 -15 25 19 13 28 21 -1 -9 15 -26 -13 9 -19 19 26 -29 20 4 -3 11 -6 -10 -15 -3 -22 -30 8 24 12 -22 -29 3 25 21 -22 11 -13 26 -6 -12 -3 -15 4 8 30 18 -28 -15 14 -25 -24 -6 -27 27 25 29 4 13 -25 -4 -28 -24 1 20 -25 -18 -15 -20 -5 20 -1 -12 21 -17 -17 -9 15 -9 -30 -16 -26 8 18 -24 20 27 -13 30 -27 -28 -14 24 
