 Individual 493 from generation 968
 length = 300
 chosen = 0
 can_mate = 1
 fitness = -510.089243
 raw_fitness = 0.000000
 calc_num_offspring = 1.500000
 parent1_index = 217
 parent2_index = 56
 26 13 4 3 13 12 9 7 24 -30 -10 9 -12 15 26 -24 12 -21 -17 24 -11 16 17 -10 -10 30 -10 -24 -17 -19 -5 7 -29 -11 25 -12 15 -4 27 4 15 3 -9 -12 23 -16 -28 -15 25 4 -17 -9 17 30 -29 -24 24 -4 -8 -8 27 7 -5 29 -2 12 -10 -17 -29 -9 27 23 -1 -16 22 28 -19 -28 7 -21 7 24 -9 -28 7 25 -11 -11 14 25 -8 -6 7 12 -27 15 -16 5 -24 -8 -11 -10 5 -7 26 5 -20 -18 -17 6 -11 -9 -9 23 13 -7 17 8 22 14 17 6 -30 -21 -8 23 -29 10 16 -28 6 29 -19 24 12 -18 -6 6 22 -28 -24 5 -9 6 3 -11 -28 -8 -1 4 -1 -4 7 5 -5 -7 25 17 26 -15 22 16 -16 -21 5 13 7 4 15 28 16 23 -8 27 -6 -18 17 10 3 -28 13 -17 30 7 15 -17 -9 -15 -12 27 6 4 -12 -28 30 -15 -15 29 -19 9 -2 8 3 -4 12 -11 23 -19 -2 -29 -9 3 28 6 -5 23 27 -24 27 -12 -10 -28 5 9 3 -29 -10 -18 15 -29 -12 24 24 -2 -29 -7 13 25 15 -10 26 -24 27 5 -10 -8 28 17 16 -16 -10 -10 27 -9 23 -17 14 -15 17 3 -21 23 22 5 -9 -28 -2 12 22 16 -7 -10 -24 5 -10 -29 23 14 6 -4 12 27 5 -17 24 -11 -9 30 16 22 -9 -8 16 -13 -21 -15 -28 -24 -3 5 
