 Individual 324 from generation 1000
 length = 300
 chosen = 0
 can_mate = 1
 fitness = -520.017664
 raw_fitness = 0.000000
 calc_num_offspring = 1.500000
 parent1_index = 22
 parent2_index = 292
 26 25 4 -29 12 9 -11 7 27 27 3 16 -10 -18 26 12 -3 -21 -12 -18 -11 16 -24 -28 22 23 22 7 -11 14 16 7 26 -11 25 -12 -30 -28 16 6 15 -16 -9 -16 -15 -30 4 28 24 3 -17 -9 17 -29 -29 -4 -20 -4 -8 -8 27 -5 -16 29 -18 -18 30 4 -1 -9 -15 4 26 12 22 28 -19 -28 -30 25 7 24 -9 -21 7 25 6 15 -18 3 -8 -6 7 12 13 -1 -20 -2 -24 -3 26 3 3 -12 -2 5 -21 -18 -17 -6 7 -9 -9 -17 13 -7 17 8 22 -29 -19 -11 -17 -21 -8 23 -29 25 -19 -28 12 16 -17 24 -29 -10 -6 6 -24 29 -24 -4 25 29 -19 -11 -28 -5 -1 4 -1 -4 -14 5 -13 -7 25 -10 5 14 22 -18 24 -20 15 13 5 4 -24 28 16 -13 -8 27 22 23 17 27 3 -10 13 -17 -30 -6 15 -24 -9 13 -17 27 6 13 -12 -28 -27 -15 22 29 -8 9 -6 -19 3 14 6 -11 16 7 -17 -8 -28 -14 4 6 -12 -10 27 30 13 -12 -10 -28 14 -16 3 -29 -10 -18 15 -12 -12 24 24 -2 -29 -7 -30 -6 15 -10 26 -24 27 -17 -10 -4 28 -15 16 -16 -15 -10 27 -9 23 -9 14 -15 17 3 -21 23 22 10 -9 -28 27 -5 22 6 28 -10 -24 5 -10 -29 15 14 -28 23 12 -17 -28 17 27 3 6 22 16 22 -9 -8 27 6 12 -15 -28 -28 23 9 
